Date,SP500,Russell,NASDAQ
2019-11-25,3133.64,1621.9,8632.49
2019-11-26,3140.52,1624.23,8647.93
2019-11-27,3153.63,1634.1,8705.18
2019-11-29,3140.98,1624.5,8665.47
2019-12-02,3113.87,1607.58,8567.99
2019-12-03,3093.2,1602.63,8520.64
2019-12-04,3112.76,1613.9,8566.67
2019-12-05,3117.43,1614.83,8570.7
2019-12-06,3145.91,1633.84,8656.53
2019-12-09,3135.96,1629.62,8621.83
2019-12-10,3132.52,1631.71,8616.18
2019-12-11,3141.63,1631.93,8654.05
2019-12-12,3168.57,1644.81,8717.32
2019-12-13,3168.8,1637.98,8734.88
2019-12-16,3191.45,1649.94,8814.23
2019-12-17,3192.52,1657.56,8823.36
2019-12-18,3191.14,1661.73,8827.73
2019-12-19,3205.37,1667.09,8887.22
2019-12-20,3221.22,1671.9,8924.96
2019-12-23,3224.01,1674.14,8945.65
2019-12-24,3223.38,1678.01,8952.88
2019-12-26,3239.91,1677.67,9022.39
2019-12-27,3240.02,1669.03,9006.62
2019-12-30,3221.29,1664.15,8945.99
2019-12-31,3230.78,1668.47,8972.6
2020-01-02,3257.85,1666.77,9092.19
2020-01-03,3234.85,1660.87,9020.77
2020-01-06,3246.28,1663.26,9071.46
2020-01-07,3237.18,1658.31,9068.58
2020-01-08,3253.05,1663.59,9129.24
2020-01-09,3274.7,1664.99,9203.43
2020-01-10,3265.35,1657.64,9178.86
2020-01-13,3288.13,1669.61,9273.93
2020-01-14,3283.15,1675.74,9251.33
2020-01-15,3289.29,1682.4,9258.7
2020-01-16,3316.81,1705.22,9357.13
2020-01-17,3329.62,1699.64,9388.94
2020-01-21,3320.79,1685.9,9370.81
2020-01-22,3321.75,1684.46,9383.77
2020-01-23,3325.54,1685.01,9402.48
2020-01-24,3295.47,1662.23,9314.91
2020-01-27,3243.63,1644.14,9139.31
2020-01-28,3276.24,1658.31,9269.68
2020-01-29,3273.4,1649.22,9275.16
2020-01-30,3283.66,1648.22,9298.93
2020-01-31,3225.52,1614.06,9150.94
2020-02-03,3248.92,1632.21,9273.4
2020-02-04,3297.59,1656.77,9467.97
2020-02-05,3334.69,1681.92,9508.68
2020-02-06,3345.78,1677.46,9572.15
2020-02-07,3327.71,1656.78,9520.51
2020-02-10,3352.09,1667.67,9628.39
2020-02-11,3357.75,1677.51,9638.94
2020-02-12,3379.45,1689.38,9725.96
2020-02-13,3373.94,1693.74,9711.97
2020-02-14,3380.16,1687.58,9731.18
2020-02-18,3370.29,1683.52,9732.74
2020-02-19,3386.15,1692.57,9817.18
2020-02-20,3373.23,1696.07,9750.96
2020-02-21,3337.75,1678.61,9576.59
2020-02-24,3225.89,1628.1,9221.28
2020-02-25,3128.21,1571.9,8965.61
2020-02-26,3116.39,1552.76,8980.77
2020-02-27,2978.76,1497.87,8566.48
2020-02-28,2954.22,1476.43,8567.37
2020-03-02,3090.23,1518.49,8952.16
2020-03-03,3003.37,1486.08,8684.09
2020-03-04,3130.12,1531.2,9018.09
2020-03-05,3023.94,1478.82,8738.6
2020-03-06,2972.37,1449.22,8575.62
2020-03-09,2746.56,1313.44,7950.68
2020-03-10,2882.23,1350.9,8344.25
2020-03-11,2741.38,1264.3,7952.05
2020-03-12,2480.64,1122.93,7201.8
2020-03-13,2711.02,1210.13,7874.88
2020-03-16,2386.13,1037.42,6904.59
2020-03-17,2529.19,1106.51,7334.78
2020-03-18,2398.1,991.1641,6989.84
2020-03-19,2409.39,1058.75,7150.58
2020-03-20,2304.92,1013.89,6879.52
2020-03-23,2237.4,1002.42,6860.67
2020-03-24,2447.33,1096.56,7417.86
2020-03-25,2475.56,1110.37,7384.3
2020-03-26,2630.07,1180.32,7797.54
2020-03-27,2541.47,1131.99,7502.38
2020-03-30,2626.65,1158.32,7774.15
2020-03-31,2584.59,1153.1,7700.1
2020-04-01,2470.5,1071.99,7360.58
2020-04-02,2526.9,1085.81,7487.31
2020-04-03,2488.65,1052.05,7373.08
2020-04-06,2663.68,1138.78,7913.24
2020-04-07,2659.41,1139.17,7887.26
2020-04-08,2749.98,1191.66,8090.9
2020-04-09,2789.82,1246.73,8153.58
2020-04-13,2761.63,1212.04,8192.42
2020-04-14,2846.06,1237.33,8515.74
2020-04-15,2783.36,1183.98,8393.18
2020-04-16,2799.55,1178.09,8532.36
2020-04-17,2874.56,1229.1,8650.14
2020-04-20,2823.16,1213.35,8560.73
2020-04-21,2736.56,1185.09,8263.23
2020-04-22,2799.31,1201.52,8495.38
2020-04-23,2797.8,1214.06,8494.75
2020-04-24,2836.74,1233.05,8634.52
2020-04-27,2878.48,1281.88,8730.16
2020-04-28,2863.39,1298.08,8607.73
2020-04-29,2939.51,1360.76,8914.71
2020-04-30,2912.43,1310.66,8889.55
2020-05-01,2830.71,1260.48,8604.95
2020-05-04,2842.74,1263.97,8710.71
2020-05-05,2868.44,1273.51,8809.12
2020-05-06,2848.42,1263.01,8854.39
2020-05-07,2881.19,1282.93,8979.66
2020-05-08,2929.8,1329.64,9121.32
2020-05-11,2930.32,1321.24,9192.34
2020-05-12,2870.12,1275.54,9002.55
2020-05-13,2820.0,1233.25,8863.17
2020-05-14,2852.5,1237.55,8943.72
2020-05-15,2863.7,1256.99,9014.56
2020-05-18,2953.91,1333.69,9234.83
2020-05-19,2922.94,1307.72,9185.1
2020-05-20,2971.61,1346.93,9375.78
2020-05-21,2948.51,1347.56,9284.88
2020-05-22,2955.45,1355.53,9324.59
2020-05-26,2991.77,1393.07,9340.22
2020-05-27,3036.13,1436.36,9412.36
2020-05-28,3029.73,1400.67,9368.99
2020-05-29,3044.31,1394.04,9489.87
2020-06-01,3055.73,1405.37,9552.05
2020-06-02,3080.82,1418.21,9608.37
2020-06-03,3122.87,1452.09,9682.91
2020-06-04,3112.35,1452.06,9615.81
2020-06-05,3193.93,1507.15,9814.08
2020-06-08,3232.39,1536.89,9924.74
2020-06-09,3207.18,1507.05,9953.75
2020-06-10,3190.14,1467.39,10020.35
2020-06-11,3002.1,1356.22,9492.73
2020-06-12,3041.31,1387.68,9588.81
2020-06-15,3066.59,1419.61,9726.02
2020-06-16,3124.74,1452.26,9895.87
2020-06-17,3113.49,1426.53,9910.53
2020-06-18,3115.34,1427.08,9943.05
2020-06-19,3097.74,1418.63,9946.12
2020-06-22,3117.86,1433.53,10056.47
2020-06-23,3131.29,1439.34,10131.37
2020-06-24,3050.33,1389.74,9909.17
2020-06-25,3083.76,1413.31,10017.0
2020-06-26,3009.05,1378.78,9757.22
2020-06-29,3053.24,1421.21,9874.15
2020-06-30,3100.29,1441.37,10058.77
2020-07-01,3115.86,1427.31,10154.63
2020-07-02,3130.01,1431.86,10207.63
2020-07-06,3179.72,1442.88,10433.65
2020-07-07,3145.32,1416.0,10343.89
2020-07-08,3169.94,1427.4,10492.5
2020-07-09,3152.05,1398.92,10547.75
2020-07-10,3185.04,1422.68,10617.44
2020-07-13,3155.22,1403.57,10390.84
2020-07-14,3197.52,1428.26,10488.58
2020-07-15,3226.56,1478.27,10550.49
2020-07-16,3215.57,1467.56,10473.83
2020-07-17,3224.73,1473.32,10503.19
2020-07-20,3251.84,1467.95,10767.09
2020-07-21,3257.3,1487.51,10680.36
2020-07-22,3276.02,1490.14,10706.13
2020-07-23,3235.66,1490.2,10461.42
2020-07-24,3215.63,1467.55,10363.18
2020-07-27,3239.41,1484.65,10536.27
2020-07-28,3218.44,1469.76,10402.09
2020-07-29,3258.44,1500.63,10542.94
2020-07-30,3246.22,1495.1,10587.81
2020-07-31,3271.12,1480.43,10745.27
2020-08-03,3294.61,1506.8,10902.8
2020-08-04,3306.51,1517.21,10941.17
2020-08-05,3327.77,1546.24,10998.4
2020-08-06,3349.16,1544.62,11108.07
2020-08-07,3351.28,1569.18,11010.98
2020-08-10,3360.47,1584.67,10968.36
2020-08-11,3333.69,1575.1,10782.82
2020-08-12,3380.35,1583.25,11012.24
2020-08-13,3373.43,1579.79,11042.5
2020-08-14,3372.85,1577.88,11019.3
2020-08-17,3381.99,1585.47,11129.73
2020-08-18,3389.78,1569.77,11210.84
2020-08-19,3374.85,1572.07,11146.46
2020-08-20,3385.51,1564.3,11264.95
2020-08-21,3397.16,1552.48,11311.8
2020-08-24,3431.28,1568.47,11379.72
2020-08-25,3443.62,1571.21,11466.47
2020-08-26,3478.73,1560.19,11665.06
2020-08-27,3484.55,1564.56,11625.34
2020-08-28,3508.01,1578.34,11695.63
2020-08-31,3500.31,1561.88,11775.46
2020-09-01,3526.65,1578.58,11939.67
2020-09-02,3580.84,1592.29,12056.44
2020-09-03,3455.06,1544.68,11458.1
2020-09-04,3426.96,1535.3,11313.13
2020-09-08,3331.84,1504.59,10847.69
2020-09-09,3398.96,1526.48,11141.56
2020-09-10,3339.19,1507.75,10919.59
2020-09-11,3340.97,1497.27,10853.55
2020-09-14,3383.54,1536.97,11056.65
2020-09-15,3401.2,1538.15,11190.32
2020-09-16,3385.49,1552.33,11050.47
2020-09-17,3357.01,1542.6,10910.28
2020-09-18,3319.47,1536.78,10793.28
2020-09-21,3281.06,1485.25,10778.8
2020-09-22,3315.57,1496.96,10963.64
2020-09-23,3236.92,1451.46,10632.99
2020-09-24,3246.59,1451.82,10672.27
2020-09-25,3298.46,1474.91,10913.56
2020-09-28,3351.6,1510.34,11117.52
2020-09-29,3335.47,1504.73,11085.25
2020-09-30,3363.0,1507.69,11167.51
2020-10-01,3380.8,1531.2,11326.51
2020-10-02,3348.44,1539.3,11075.02
2020-10-05,3408.63,1581.96,11332.49
2020-10-06,3360.95,1577.29,11154.6
2020-10-07,3419.45,1611.04,11364.6
2020-10-08,3446.83,1628.55,11420.98
2020-10-09,3477.13,1637.55,11579.94
2020-10-12,3534.22,1649.05,11876.26
2020-10-13,3511.93,1636.85,11863.9
2020-10-14,3488.67,1621.65,11768.73
2020-10-15,3483.34,1638.88,11713.87
2020-10-16,3483.81,1633.81,11671.56
2020-10-19,3426.92,1613.63,11478.88
2020-10-20,3443.12,1617.71,11516.49
2020-10-21,3435.56,1603.78,11484.69
2020-10-22,3453.49,1630.25,11506.01
2020-10-23,3465.39,1640.5,11548.28
2020-10-26,3400.97,1605.21,11358.94
2020-10-27,3390.68,1590.48,11431.35
2020-10-28,3271.03,1543.28,11004.87
2020-10-29,3310.11,1561.58,11185.59
2020-10-30,3269.96,1538.48,10911.59
2020-11-02,3310.24,1568.59,10957.61
2020-11-03,3369.02,1614.3,11160.57
2020-11-04,3443.44,1615.08,11590.78
2020-11-05,3510.45,1660.05,11890.93
2020-11-06,3509.44,1644.16,11895.23
2020-11-09,3550.5,1705.04,11713.78
2020-11-10,3545.53,1737.01,11553.86
2020-11-11,3572.66,1736.94,11786.43
2020-11-12,3537.01,1708.47,11709.59
2020-11-13,3585.15,1744.04,11829.29
2020-11-16,3626.91,1785.34,11924.13
2020-11-17,3609.53,1791.91,11899.34
2020-11-18,3567.79,1769.32,11801.6
2020-11-19,3581.87,1784.13,11904.71
2020-11-20,3557.54,1785.34,11854.97
2020-11-23,3577.59,1818.3,11881.17
2020-11-24,3635.41,1853.53,12037.33
2020-11-25,3629.65,1845.02,12094.4
2020-11-27,3638.35,1855.27,12205.85
2020-11-30,3621.63,1819.82,12198.74
2020-12-01,3662.45,1836.05,12355.11
2020-12-02,3669.01,1838.03,12349.37
2020-12-03,3666.72,1848.7,12377.18
2020-12-04,3699.12,1892.45,12464.23
2020-12-07,3691.96,1891.25,12519.95
2020-12-08,3702.25,1917.78,12582.77
2020-12-09,3672.82,1902.15,12338.95
2020-12-10,3668.1,1922.7,12405.81
2020-12-11,3663.46,1911.7,12377.87
2020-12-14,3647.49,1913.86,12440.04
2020-12-15,3694.62,1959.76,12595.06
2020-12-16,3701.17,1952.72,12658.19
2020-12-17,3722.48,1978.05,12764.75
2020-12-18,3709.41,1969.99,12755.64
2020-12-21,3694.92,1970.33,12742.52
2020-12-22,3687.26,1989.88,12807.92
2020-12-23,3690.01,2007.1,12771.11
2020-12-24,3703.06,2003.95,12804.73
2020-12-28,3735.36,1996.25,12899.42
2020-12-29,3727.04,1959.36,12850.22
2020-12-30,3732.04,1979.99,12870.0
2020-12-31,3756.07,1974.86,12888.28
2021-01-04,3700.65,1945.91,12698.45
2021-01-05,3726.86,1979.11,12818.96
2021-01-06,3748.14,2057.92,12740.79
2021-01-07,3803.79,2096.89,13067.48
2021-01-08,3824.68,2091.66,13201.98
2021-01-11,3799.61,2091.01,13036.43
2021-01-12,3801.19,2127.96,13072.43
2021-01-13,3809.84,2111.97,13128.95
2021-01-14,3795.54,2155.35,13112.64
2021-01-15,3768.25,2123.2,12998.5
2021-01-19,3798.91,2151.14,13197.18
2021-01-20,3851.85,2160.62,13457.25
2021-01-21,3853.07,2141.42,13530.91
2021-01-22,3841.47,2168.76,13543.06
2021-01-25,3855.36,2163.27,13635.99
2021-01-26,3849.62,2149.86,13626.06
2021-01-27,3750.77,2108.7,13270.6
2021-01-28,3787.38,2106.61,13337.16
2021-01-29,3714.24,2073.64,13070.69
2021-02-01,3773.86,2126.16,13403.39
2021-02-02,3826.31,2151.44,13612.78
2021-02-03,3830.17,2159.7,13610.54
2021-02-04,3871.74,2202.42,13777.74
2021-02-05,3886.83,2233.33,13856.3
2021-02-08,3915.59,2289.76,13987.64
2021-02-09,3911.23,2299.0,14007.7
2021-02-10,3909.88,2282.44,13972.53
2021-02-11,3916.38,2285.32,14025.77
2021-02-12,3934.83,2289.36,14095.47
2021-02-16,3932.59,2272.89,14047.5
2021-02-17,3931.33,2256.11,13965.49
2021-02-18,3913.97,2218.39,13865.36
2021-02-19,3906.71,2266.69,13874.46
2021-02-22,3876.5,2251.07,13533.05
2021-02-23,3881.37,2231.31,13465.2
2021-02-24,3925.43,2284.38,13597.97
2021-02-25,3829.34,2200.17,13119.43
2021-02-26,3811.15,2201.05,13192.35
2021-03-01,3901.82,2275.32,13588.83
2021-03-02,3870.29,2231.51,13358.79
2021-03-03,3819.72,2207.79,12997.75
2021-03-04,3768.47,2146.92,12723.47
2021-03-05,3841.94,2192.21,12920.15
2021-03-08,3821.35,2202.98,12609.16
2021-03-09,3875.44,2245.06,13073.82
2021-03-10,3898.81,2285.68,13068.83
2021-03-11,3939.34,2338.54,13398.67
2021-03-12,3943.34,2352.79,13319.86
2021-03-15,3968.94,2360.17,13459.71
2021-03-16,3962.71,2319.52,13471.57
2021-03-17,3974.12,2336.39,13525.2
2021-03-18,3915.46,2267.59,13116.17
2021-03-19,3913.1,2287.55,13215.24
2021-03-22,3940.59,2266.84,13377.54
2021-03-23,3910.52,2185.69,13227.7
2021-03-24,3889.14,2134.27,12961.89
2021-03-25,3909.52,2183.12,12977.68
2021-03-26,3974.54,2221.48,13138.72
2021-03-29,3971.09,2158.68,13059.65
2021-03-30,3958.55,2195.8,13045.39
2021-03-31,3972.89,2220.52,13246.87
2021-04-01,4019.87,2253.9,13480.11
2021-04-05,4077.91,2264.89,13705.59
2021-04-06,4073.94,2259.15,13698.38
2021-04-07,4079.95,2223.05,13688.84
2021-04-08,4097.17,2242.6,13829.31
2021-04-09,4128.8,2243.47,13900.19
2021-04-12,4127.99,2233.78,13850.0
2021-04-13,4141.59,2228.92,13996.1
2021-04-14,4124.66,2247.72,13857.84
2021-04-15,4170.42,2257.07,14038.76
2021-04-16,4185.47,2262.67,14052.34
2021-04-19,4163.26,2232.0,13914.77
2021-04-20,4134.94,2188.21,13786.27
2021-04-21,4173.42,2239.63,13950.22
2021-04-22,4134.98,2232.61,13818.41
2021-04-23,4180.17,2271.86,14016.81
2021-04-26,4187.62,2298.01,14138.78
2021-04-27,4186.72,2301.27,14090.22
2021-04-28,4183.18,2304.16,14051.03
2021-04-29,4211.47,2295.46,14082.55
2021-04-30,4181.17,2266.45,13962.68
2021-05-03,4192.66,2277.45,13895.12
2021-05-04,4164.66,2248.29,13633.5
2021-05-05,4167.59,2241.37,13582.42
2021-05-06,4201.62,2241.42,13632.84
2021-05-07,4232.6,2271.63,13752.24
2021-05-10,4188.43,2212.7,13401.86
2021-05-11,4152.1,2206.99,13389.43
2021-05-12,4063.04,2135.14,13031.68
2021-05-13,4112.5,2170.95,13124.99
2021-05-14,4173.85,2224.63,13379.05
2021-05-17,4163.29,2227.12,13379.05
2021-05-18,4127.83,2210.88,13303.64
2021-05-19,4115.68,2193.64,13299.74
2021-05-20,4159.12,2207.76,13535.74
2021-05-21,4155.86,2215.27,13470.99
2021-05-24,4197.05,2227.34,13661.17
2021-05-25,4188.13,2205.75,13657.17
2021-05-26,4195.99,2249.27,13738.0
2021-05-27,4200.88,2273.07,13736.28
2021-05-28,4204.11,2278.97,13748.74
2021-06-01,4202.04,2294.74,13736.48
2021-06-02,4208.12,2297.83,13756.33
2021-06-03,4192.85,2279.25,13614.51
2021-06-04,4229.89,2286.41,13814.49
2021-06-07,4226.52,2319.18,13881.72
2021-06-08,4227.26,2343.76,13924.91
2021-06-09,4219.55,2327.13,13911.75
2021-06-10,4239.18,2311.41,14020.33
2021-06-11,4247.44,2335.81,14069.42
2021-06-14,4255.15,2326.15,14174.14
2021-06-15,4246.59,2320.07,14072.86
2021-06-16,4223.7,2314.69,14039.68
2021-06-17,4221.86,2287.46,14161.35
2021-06-18,4166.45,2237.75,14030.38
2021-06-21,4224.79,2286.09,14141.48
2021-06-22,4246.44,2295.95,14253.27
2021-06-23,4241.84,2303.47,14271.73
2021-06-24,4266.49,2333.62,14369.71
2021-06-25,4280.7,2334.4,14360.39
2021-06-28,4290.61,2322.34,14500.51
2021-06-29,4291.8,2308.84,14528.33
2021-06-30,4297.5,2310.55,14503.95
2021-07-01,4319.94,2329.36,14522.38
2021-07-02,4352.34,2305.76,14639.33
2021-07-06,4343.54,2274.5,14663.64
2021-07-07,4358.13,2252.85,14665.06
2021-07-08,4320.82,2231.68,14559.78
2021-07-09,4369.55,2280.0,14701.92
2021-07-12,4384.63,2281.83,14733.24
2021-07-13,4369.21,2238.86,14677.65
2021-07-14,4374.3,2202.36,14644.95
2021-07-15,4360.03,2190.29,14543.13
2021-07-16,4327.16,2163.24,14427.24
2021-07-19,4258.49,2130.68,14274.98
2021-07-20,4323.06,2194.3,14498.88
2021-07-21,4358.69,2234.04,14631.95
2021-07-22,4367.48,2199.48,14684.6
2021-07-23,4411.79,2209.65,14836.99
2021-07-26,4422.3,2216.92,14840.71
2021-07-27,4401.46,2191.83,14660.58
2021-07-28,4400.64,2224.96,14762.58
2021-07-29,4419.15,2240.03,14778.26
2021-07-30,4395.26,2226.25,14672.68
2021-08-02,4387.16,2215.5,14681.07
2021-08-03,4423.15,2223.58,14761.29
2021-08-04,4402.66,2196.32,14780.53
2021-08-05,4429.1,2236.01,14895.12
2021-08-06,4436.52,2247.76,14835.76
2021-08-09,4432.35,2234.81,14860.18
2021-08-10,4436.75,2239.36,14788.09
2021-08-11,4447.7,2250.34,14765.14
2021-08-12,4460.83,2244.07,14816.26
2021-08-13,4468.0,2223.11,14822.9
2021-08-16,4479.71,2203.41,14793.76
2021-08-17,4448.08,2177.17,14656.18
2021-08-18,4400.27,2158.78,14525.91
2021-08-19,4405.8,2132.42,14541.79
2021-08-20,4441.67,2167.6,14714.66
2021-08-23,4479.53,2208.3,14942.65
2021-08-24,4486.23,2230.91,15019.8
2021-08-25,4496.19,2239.27,15041.86
2021-08-26,4470.0,2213.98,14945.81
2021-08-27,4509.37,2277.15,15129.5
2021-08-30,4528.79,2265.99,15265.89
2021-08-31,4522.68,2273.77,15259.24
2021-09-01,4524.09,2287.06,15309.38
2021-09-02,4536.95,2304.02,15331.18
2021-09-03,4535.43,2292.05,15363.52
2021-09-07,4520.03,2275.61,15374.33
2021-09-08,4514.07,2249.73,15286.64
2021-09-09,4493.28,2249.13,15248.25
2021-09-10,4458.58,2227.55,15115.49
2021-09-13,4468.73,2240.78,15105.58
2021-09-14,4443.05,2209.98,15037.76
2021-09-15,4480.7,2234.45,15161.53
2021-09-16,4473.75,2232.91,15181.92
2021-09-17,4432.99,2236.87,15043.97
2021-09-20,4357.73,2182.2,14713.9
2021-09-21,4354.19,2186.18,14746.4
2021-09-22,4395.64,2218.56,14896.85
2021-09-23,4448.98,2259.04,15052.24
2021-09-24,4455.48,2248.07,15047.7
2021-09-27,4443.11,2281.0,14969.97
2021-09-28,4352.63,2229.78,14546.68
2021-09-29,4359.46,2225.31,14512.44
2021-09-30,4307.54,2204.37,14448.58
2021-10-01,4357.04,2241.63,14566.7
2021-10-04,4300.46,2217.47,14255.48
2021-10-05,4345.72,2228.36,14433.83
2021-10-06,4363.55,2214.96,14501.91
2021-10-07,4399.76,2250.09,14654.02
2021-10-08,4391.34,2233.09,14579.54
2021-10-11,4361.19,2220.64,14486.2
2021-10-12,4350.65,2234.27,14465.92
2021-10-13,4363.8,2241.97,14571.64
2021-10-14,4438.26,2274.18,14823.43
2021-10-15,4471.37,2265.65,14897.34
2021-10-18,4486.46,2267.84,15021.81
2021-10-19,4519.63,2275.91,15129.09
2021-10-20,4536.19,2289.77,15121.68
2021-10-21,4549.78,2296.18,15215.7
2021-10-22,4544.9,2291.27,15090.2
2021-10-25,4566.48,2312.64,15226.71
2021-10-26,4574.79,2296.08,15235.71
2021-10-27,4551.68,2252.49,15235.84
2021-10-28,4596.42,2297.98,15448.12
2021-10-29,4605.38,2297.19,15498.39
2021-11-01,4613.67,2358.12,15595.92
2021-11-02,4630.65,2361.86,15649.6
2021-11-03,4660.57,2404.28,15811.58
2021-11-04,4680.06,2402.43,15940.31
2021-11-05,4697.53,2437.08,15971.59
2021-11-08,4701.7,2442.74,15982.36
2021-11-09,4685.25,2427.29,15886.54
2021-11-10,4646.71,2389.58,15622.71
2021-11-11,4649.27,2409.14,15704.28
2021-11-12,4682.85,2411.78,15860.96
2021-11-15,4682.8,2400.93,15853.85
2021-11-16,4700.9,2405.02,15973.86
2021-11-17,4688.67,2377.01,15921.57
2021-11-18,4704.54,2363.59,15993.71
2021-11-19,4697.96,2343.16,16057.44
2021-11-22,4682.94,2331.35,15854.76
2021-11-23,4690.7,2327.86,15775.14
2021-11-24,4701.46,2331.46,15845.23
2021-11-26,4594.62,2245.94,15491.66
2021-11-29,4655.27,2241.98,15782.83
2021-11-30,4567.0,2198.91,15537.69
2021-12-01,4513.04,2147.42,15254.05
2021-12-02,4577.1,2206.33,15381.32
2021-12-03,4538.43,2159.31,15085.47
2021-12-06,4591.67,2203.48,15225.15
2021-12-07,4686.75,2253.79,15686.92
2021-12-08,4701.21,2271.71,15786.99
2021-12-09,4667.45,2220.21,15517.37
2021-12-10,4712.02,2211.81,15630.6
2021-12-13,4668.97,2180.5,15413.28
2021-12-14,4634.09,2159.65,15237.64
2021-12-15,4709.85,2195.21,15565.58
2021-12-16,4668.67,2152.46,15180.43
2021-12-17,4620.64,2173.93,15169.68
2021-12-20,4568.02,2139.87,14980.94
2021-12-21,4649.23,2202.95,15341.09
2021-12-22,4696.56,2221.9,15521.89
2021-12-23,4725.79,2241.58,15653.37
2021-12-27,4791.19,2261.46,15871.26
2021-12-28,4786.35,2246.51,15781.72
2021-12-29,4793.06,2249.24,15766.22
2021-12-30,4778.73,2248.79,15741.56
2021-12-31,4766.18,2245.31,15644.97
2022-01-03,4796.56,2272.56,15832.8
2022-01-04,4793.54,2268.87,15622.72
2022-01-05,4700.58,2194.0,15100.17
2022-01-06,4696.05,2206.37,15080.86
2022-01-07,4677.03,2179.81,14935.9
2022-01-10,4670.29,2171.15,14942.83
2022-01-11,4713.07,2194.0,15153.45
2022-01-12,4726.35,2176.06,15188.39
2022-01-13,4659.03,2159.44,14806.81
2022-01-14,4662.85,2162.46,14893.75
2022-01-18,4577.11,2096.23,14506.9
2022-01-19,4532.76,2062.78,14340.26
2022-01-20,4482.73,2024.04,14154.02
2022-01-21,4397.94,1987.92,13768.92
2022-01-24,4410.13,2033.51,13855.13
2022-01-25,4356.45,2004.03,13539.29
2022-01-26,4349.93,1976.46,13542.12
2022-01-27,4326.51,1931.29,13352.78
2022-01-28,4431.85,1968.51,13770.57
2022-01-31,4515.55,2028.45,14239.88
2022-02-01,4546.54,2050.74,14346.0
2022-02-02,4589.38,2029.52,14417.55
2022-02-03,4477.44,1991.03,13878.82
2022-02-04,4500.53,2002.36,14098.01
2022-02-07,4483.87,2012.6,14015.67
2022-02-08,4521.54,2045.37,14194.45
2022-02-09,4587.18,2083.5,14490.37
2022-02-10,4504.08,2051.16,14185.64
2022-02-11,4418.64,2030.15,13791.15
2022-02-14,4401.67,2020.79,13790.92
2022-02-15,4471.07,2076.46,14139.76
2022-02-16,4475.01,2079.31,14124.09
2022-02-17,4380.26,2028.09,13716.72
2022-02-18,4348.87,2009.33,13548.07
2022-02-22,4304.76,1980.17,13381.52
2022-02-23,4225.5,1944.09,13037.49
2022-02-24,4288.7,1996.01,13473.58
2022-02-25,4384.65,2040.93,13694.62
2022-02-28,4373.94,2048.09,13751.4
2022-03-01,4306.26,2008.51,13532.46
2022-03-02,4386.54,2058.87,13752.02
2022-03-03,4363.49,2032.41,13537.94
2022-03-04,4328.87,2000.9,13313.44
2022-03-07,4201.09,1951.33,12830.96
2022-03-08,4170.7,1963.01,12795.55
2022-03-09,4277.88,2016.29,13255.55
2022-03-10,4259.52,2011.67,13129.96
2022-03-11,4204.31,1979.67,12843.81
2022-03-14,4173.11,1941.72,12581.22
2022-03-15,4262.45,1968.97,12948.62
2022-03-16,4357.86,2030.72,13436.55
2022-03-17,4411.67,2065.02,13614.78
2022-03-18,4463.12,2086.14,13893.84
2022-03-21,4461.18,2065.94,13838.46
2022-03-22,4511.61,2088.34,14108.82
2022-03-23,4456.24,2052.21,13922.6
2022-03-24,4520.16,2075.44,14191.84
2022-03-25,4543.06,2077.98,14169.3
2022-03-28,4575.52,2078.06,14354.9
2022-03-29,4631.6,2133.1,14619.64
2022-03-30,4602.45,2091.07,14442.27
2022-03-31,4530.41,2070.13,14220.52
2022-04-01,4545.86,2091.11,14261.5
2022-04-04,4582.64,2095.44,14532.55
2022-04-05,4525.12,2046.04,14204.17
2022-04-06,4481.15,2016.94,13888.82
2022-04-07,4500.21,2009.8,13897.3
2022-04-08,4488.28,1994.56,13711.0
2022-04-11,4412.53,1980.32,13411.96
2022-04-12,4397.45,1986.94,13371.57
2022-04-13,4446.59,2025.1,13643.59
2022-04-14,4392.59,2004.98,13351.08
2022-04-18,4391.69,1990.13,13332.36
2022-04-19,4462.21,2038.19,13619.66
2022-04-20,4459.45,2038.19,13453.07
2022-04-21,4393.66,1991.46,13174.65
2022-04-22,4271.78,1940.66,12839.29
2022-04-25,4296.12,1954.2,13004.85
2022-04-26,4175.2,1890.47,12490.74
2022-04-27,4183.96,1884.04,12488.93
2022-04-28,4287.5,1917.94,12871.53
2022-04-29,4131.93,1864.1,12334.64
2022-05-02,4155.38,1882.91,12536.02
2022-05-03,4175.48,1898.86,12563.76
2022-05-04,4300.17,1949.92,12964.86
2022-05-05,4146.87,1871.15,12317.69
2022-05-06,4123.34,1839.56,12144.66
2022-05-09,3991.24,1762.08,11623.25
2022-05-10,4001.05,1761.79,11737.67
2022-05-11,3935.18,1718.14,11364.24
2022-05-12,3930.08,1739.38,11370.96
2022-05-13,4023.89,1792.67,11805.0
2022-05-16,4008.01,1783.43,11662.79
2022-05-17,4088.85,1840.3,11984.52
2022-05-18,3923.68,1774.85,11418.15
2022-05-19,3900.79,1776.22,11388.5
2022-05-20,3901.36,1773.27,11354.62
2022-05-23,3973.75,1792.76,11535.27
2022-05-24,3941.48,1764.83,11264.45
2022-05-25,3978.73,1799.16,11434.74
2022-05-26,4057.84,1838.24,11740.65
2022-05-27,4158.24,1887.9,12131.13
2022-05-31,4132.15,1864.04,12081.39
2022-06-01,4101.23,1854.82,11994.46
2022-06-02,4176.82,1897.67,12316.9
2022-06-03,4108.54,1883.05,12012.73
2022-06-06,4121.43,1889.89,12061.37
2022-06-07,4160.68,1919.56,12175.23
2022-06-08,4115.77,1891.01,12086.27
2022-06-09,4017.82,1850.86,11754.23
2022-06-10,3900.86,1800.28,11340.02
2022-06-13,3749.63,1714.59,10809.23
2022-06-14,3735.48,1707.83,10828.35
2022-06-15,3789.99,1731.14,11099.15
2022-06-16,3666.77,1649.84,10646.1
2022-06-17,3674.84,1665.69,10798.35
2022-06-21,3764.79,1694.03,11069.3
2022-06-22,3759.89,1690.28,11053.08
2022-06-23,3795.73,1711.67,11232.19
2022-06-24,3911.74,1765.74,11607.62
2022-06-27,3900.11,1771.74,11524.55
2022-06-28,3821.55,1738.84,11181.54
2022-06-29,3818.83,1719.37,11177.89
2022-06-30,3785.38,1707.99,11028.74
2022-07-01,3825.33,1727.76,11127.85
2022-07-05,3831.39,1741.33,11322.24
2022-07-06,3845.08,1727.55,11361.85
2022-07-07,3902.62,1769.6,11621.35
2022-07-08,3899.38,1769.36,11635.31
2022-07-11,3854.43,1732.01,11372.6
2022-07-12,3818.8,1728.18,11264.73
2022-07-13,3801.78,1726.04,11247.58
2022-07-14,3790.38,1707.51,11251.19
2022-07-15,3863.16,1744.37,11452.42
2022-07-18,3830.85,1738.42,11360.05
2022-07-19,3936.69,1799.32,11713.15
2022-07-20,3959.9,1827.95,11897.65
2022-07-21,3998.95,1836.69,12059.61
2022-07-22,3961.63,1806.88,11834.11
2022-07-25,3966.84,1817.77,11782.67
2022-07-26,3921.05,1805.25,11562.57
2022-07-27,4023.61,1848.34,12032.42
2022-07-28,4072.43,1873.03,12162.59
2022-07-29,4130.29,1885.23,12390.69
2022-08-01,4118.63,1883.31,12368.98
2022-08-02,4091.19,1882.45,12348.76
2022-08-03,4155.17,1908.93,12668.16
2022-08-04,4151.94,1906.46,12720.58
2022-08-05,4145.19,1921.82,12657.55
2022-08-08,4140.06,1941.21,12644.46
2022-08-09,4122.47,1912.89,12493.93
2022-08-10,4210.24,1969.25,12854.8
2022-08-11,4207.27,1975.26,12779.91
2022-08-12,4280.15,2016.62,13047.19
2022-08-15,4297.14,2021.35,13128.05
2022-08-16,4305.2,2020.53,13102.55
2022-08-17,4274.04,1987.31,12938.12
2022-08-18,4283.74,2000.73,12965.34
2022-08-19,4228.48,1957.35,12705.22
2022-08-22,4137.99,1915.74,12381.57
2022-08-23,4128.73,1919.14,12381.3
2022-08-24,4140.77,1935.29,12431.53
2022-08-25,4199.12,1964.64,12639.27
2022-08-26,4057.66,1899.83,12141.71
2022-08-29,4030.61,1882.94,12017.67
2022-08-30,3986.16,1855.59,11883.14
2022-08-31,3955.0,1844.12,11816.2
2022-09-01,3966.85,1822.82,11785.13
2022-09-02,3924.26,1809.75,11630.86
2022-09-06,3908.19,1792.32,11544.91
2022-09-07,3979.87,1832.0,11791.9
2022-09-08,4006.18,1846.91,11862.13
2022-09-09,4067.36,1882.85,12112.31
2022-09-12,4110.41,1906.09,12266.41
2022-09-13,3932.69,1831.57,11633.57
2022-09-14,3946.01,1838.46,11719.68
2022-09-15,3901.35,1825.23,11552.36
2022-09-16,3873.33,1798.19,11448.4
2022-09-19,3899.89,1812.84,11535.02
2022-09-20,3855.93,1787.5,11425.05
2022-09-21,3789.93,1762.16,11220.19
2022-09-22,3757.99,1722.31,11066.81
2022-09-23,3693.23,1679.59,10867.93
2022-09-26,3655.04,1655.88,10802.92
2022-09-27,3647.29,1662.51,10829.5
2022-09-28,3719.04,1715.24,11051.64
2022-09-29,3640.47,1674.93,10737.51
2022-09-30,3585.62,1664.72,10575.62
2022-10-03,3678.43,1708.87,10815.43
2022-10-04,3790.93,1775.77,11176.41
2022-10-05,3783.28,1762.69,11148.64
2022-10-06,3744.52,1752.51,11073.31
2022-10-07,3639.66,1702.15,10652.4
2022-10-10,3612.39,1691.92,10542.1
2022-10-11,3588.84,1692.92,10426.19
2022-10-12,3577.03,1687.76,10417.1
2022-10-13,3669.91,1728.41,10649.15
2022-10-14,3583.07,1682.4,10321.39
2022-10-17,3677.95,1735.75,10675.8
2022-10-18,3719.98,1755.96,10772.4
2022-10-19,3695.16,1725.76,10680.51
2022-10-20,3665.78,1704.39,10614.84
2022-10-21,3752.75,1742.24,10859.72
2022-10-24,3797.34,1748.4,10952.61
2022-10-25,3859.11,1796.16,11199.12
2022-10-26,3830.6,1804.33,10970.99
2022-10-27,3807.3,1806.32,10792.67
2022-10-28,3901.06,1846.92,11102.45
2022-10-31,3871.98,1846.86,10988.15
2022-11-01,3856.1,1851.39,10890.85
2022-11-02,3759.69,1789.14,10524.8
2022-11-03,3719.89,1779.73,10342.94
2022-11-04,3770.55,1799.87,10475.25
2022-11-07,3806.8,1809.81,10564.52
2022-11-08,3828.11,1808.93,10616.2
2022-11-09,3748.57,1760.4,10353.17
2022-11-10,3956.37,1867.93,11114.15
2022-11-11,3992.93,1882.74,11323.33
2022-11-14,3957.25,1861.25,11196.22
2022-11-15,3991.73,1889.2,11358.41
2022-11-16,3958.79,1853.17,11183.66
2022-11-17,3946.56,1839.12,11144.96
2022-11-18,3965.34,1849.73,11146.06
2022-11-21,3949.94,1839.14,11024.51
2022-11-22,4003.58,1860.44,11174.41
2022-11-23,4027.26,1863.52,11285.32
2022-11-25,4026.12,1869.19,11226.36
2022-11-28,3963.94,1830.96,11049.5
2022-11-29,3957.63,1836.55,10983.78
2022-11-30,4080.11,1886.58,11468.0
2022-12-01,4076.57,1881.68,11482.45
2022-12-02,4071.7,1892.84,11461.5
2022-12-05,3998.84,1840.22,11239.94
2022-12-06,3941.26,1812.58,11014.89
2022-12-07,3933.92,1806.9,10958.55
2022-12-08,3963.51,1818.29,11082.0
2022-12-09,3934.38,1796.66,11004.62
2022-12-12,3990.56,1818.61,11143.74
2022-12-13,4019.65,1832.36,11256.81
2022-12-14,3995.32,1820.45,11170.89
2022-12-15,3895.75,1774.61,10810.53
2022-12-16,3852.36,1763.42,10705.41
2022-12-19,3817.66,1738.58,10546.03
2022-12-20,3821.62,1748.02,10547.11
2022-12-21,3878.44,1776.94,10709.37
2022-12-22,3822.39,1754.09,10476.12
2022-12-23,3844.82,1760.93,10497.86
2022-12-27,3829.25,1749.52,10353.23
2022-12-28,3783.22,1722.02,10213.29
2022-12-29,3849.28,1766.25,10478.09
2022-12-30,3839.5,1761.25,10466.48
2023-01-03,3824.14,1750.73,10386.98
2023-01-04,3852.97,1772.54,10458.76
2023-01-05,3808.1,1753.19,10305.24
2023-01-06,3895.08,1792.8,10569.29
2023-01-09,3892.09,1795.91,10635.65
2023-01-10,3919.25,1822.65,10742.63
2023-01-11,3969.61,1844.05,10931.67
2023-01-12,3983.17,1876.06,11001.1
2023-01-13,3999.09,1887.03,11079.16
2023-01-17,3990.97,1884.29,11095.11
2023-01-18,3928.86,1854.36,10957.01
2023-01-19,3898.85,1836.35,10852.27
2023-01-20,3972.61,1867.34,11140.43
2023-01-23,4019.81,1890.77,11364.41
2023-01-24,4016.95,1885.61,11334.27
2023-01-25,4016.22,1890.32,11313.36
2023-01-26,4060.43,1903.06,11512.41
2023-01-27,4070.56,1911.46,11621.71
2023-01-30,4017.77,1885.72,11393.81
2023-01-31,4076.6,1931.94,11584.55
2023-02-01,4119.21,1960.81,11816.32
2023-02-02,4179.76,2001.22,12200.82
2023-02-03,4136.48,1985.53,12006.95
2023-02-06,4111.08,1957.72,11887.45
2023-02-07,4164.0,1972.61,12113.79
2023-02-08,4117.86,1942.6,11910.52
2023-02-09,4081.5,1915.34,11789.58
2023-02-10,4090.46,1918.81,11718.12
2023-02-13,4137.29,1941.14,11891.79
2023-02-14,4136.13,1939.91,11960.15
2023-02-15,4147.6,1960.97,12070.59
2023-02-16,4090.41,1942.21,11855.83
2023-02-17,4079.09,1946.36,11787.27
2023-02-21,3997.34,1888.21,11492.3
2023-02-22,3991.05,1894.67,11507.07
2023-02-23,4012.32,1908.09,11590.4
2023-02-24,3970.04,1890.49,11394.94
2023-02-27,3982.24,1896.27,11466.98
2023-02-28,3970.15,1896.99,11455.54
2023-03-01,3951.39,1898.43,11379.48
2023-03-02,3981.35,1902.66,11462.98
2023-03-03,4045.64,1928.26,11689.01
2023-03-06,4048.42,1899.76,11675.74
2023-03-07,3986.37,1878.72,11530.33
2023-03-08,3992.01,1879.48,11576.0
2023-03-09,3918.32,1826.59,11338.35
2023-03-10,3861.59,1772.7,11138.89
2023-03-13,3855.76,1744.3,11188.84
2023-03-14,3919.29,1776.89,11428.15
2023-03-15,3891.93,1745.94,11434.05
2023-03-16,3960.28,1771.24,11717.28
2023-03-17,3916.64,1725.89,11630.51
2023-03-20,3951.57,1744.99,11675.54
2023-03-21,4002.87,1777.74,11860.11
2023-03-22,3936.97,1727.36,11669.96
2023-03-23,3948.72,1720.29,11787.4
2023-03-24,3970.99,1734.92,11823.96
2023-03-27,3977.53,1753.67,11768.84
2023-03-28,3971.27,1752.63,11716.08
2023-03-29,4027.81,1771.6,11926.24
2023-03-30,4050.83,1768.38,12013.47
2023-03-31,4109.31,1802.48,12221.91
2023-04-03,4124.51,1802.31,12189.45
2023-04-04,4100.6,1769.65,12126.33
2023-04-05,4090.38,1752.13,11996.86
2023-04-06,4105.02,1754.46,12087.96
2023-04-10,4109.11,1772.44,12084.35
2023-04-11,4108.94,1786.59,12031.88
2023-04-12,4091.95,1773.7,11929.34
2023-04-13,4146.22,1796.68,12166.27
2023-04-14,4137.64,1781.15,12123.47
2023-04-17,4151.32,1802.84,12157.72
2023-04-18,4154.87,1795.55,12153.41
2023-04-19,4154.52,1799.44,12157.23
2023-04-20,4129.79,1789.7,12059.56
2023-04-21,4133.52,1791.51,12072.46
2023-04-24,4137.04,1788.87,12037.2
2023-04-25,4071.63,1745.95,11799.16
2023-04-26,4055.99,1730.41,11854.35
2023-04-27,4135.35,1751.22,12142.24
2023-04-28,4169.48,1768.99,12226.58
2023-05-01,4167.87,1769.21,12212.6
2023-05-02,4119.58,1732.11,12080.51
2023-05-03,4090.75,1739.28,12025.33
2023-05-04,4061.22,1718.81,11966.4
2023-05-05,4136.25,1759.88,12235.41
2023-05-08,4138.12,1754.47,12256.92
2023-05-09,4119.17,1749.68,12179.55
2023-05-10,4137.64,1759.51,12306.44
2023-05-11,4130.62,1744.71,12328.51
2023-05-12,4124.08,1740.85,12284.74
2023-05-15,4136.28,1761.55,12365.21
2023-05-16,4109.9,1736.18,12343.05
2023-05-17,4158.77,1774.5,12500.57
2023-05-18,4198.05,1784.86,12688.84
2023-05-19,4191.98,1773.72,12657.9
2023-05-22,4192.63,1795.38,12720.78
2023-05-23,4145.58,1787.71,12560.25
2023-05-24,4115.24,1767.0,12484.16
2023-05-25,4151.28,1754.6,12698.09
2023-05-26,4205.45,1773.02,12975.69
2023-05-30,4205.52,1767.29,13017.43
2023-05-31,4179.83,1749.65,12935.29
2023-06-01,4221.02,1767.94,13100.98
2023-06-02,4282.37,1830.91,13240.77
2023-06-05,4273.79,1806.71,13229.43
2023-06-06,4283.85,1855.4,13276.42
2023-06-07,4267.52,1888.45,13104.89
2023-06-08,4293.93,1880.78,13238.52
2023-06-09,4298.86,1865.71,13259.14
2023-06-12,4338.93,1873.21,13461.92
2023-06-13,4369.01,1896.33,13573.32
2023-06-14,4372.59,1874.1,13626.48
2023-06-15,4425.84,1889.28,13782.82
2023-06-16,4409.59,1875.47,13689.57
2023-06-20,4388.71,1866.7,13667.29
2023-06-21,4365.69,1863.01,13502.2
2023-06-22,4381.89,1848.18,13630.61
2023-06-23,4348.33,1821.63,13492.52
2023-06-26,4328.82,1823.26,13335.78
2023-06-27,4378.41,1849.93,13555.67
2023-06-28,4376.86,1858.71,13591.75
2023-06-29,4396.44,1881.59,13591.33
2023-06-30,4450.38,1888.73,13787.92
2023-07-03,4455.59,1896.78,13816.77
2023-07-05,4446.82,1872.91,13791.65
2023-07-06,4411.59,1842.23,13679.04
2023-07-07,4398.95,1864.66,13660.72
2023-07-10,4409.53,1895.25,13685.48
2023-07-11,4439.26,1913.36,13760.7
2023-07-12,4472.16,1933.38,13918.96
2023-07-13,4510.04,1950.89,14138.57
2023-07-14,4505.42,1931.09,14113.7
2023-07-17,4522.79,1951.27,14244.95
2023-07-18,4554.98,1976.07,14353.64
2023-07-19,4565.72,1984.89,14358.02
2023-07-20,4534.87,1967.16,14063.31
2023-07-21,4536.34,1960.26,14032.81
2023-07-24,4554.64,1965.68,14058.87
2023-07-25,4567.46,1966.11,14144.56
2023-07-26,4566.75,1980.36,14127.28
2023-07-27,4537.41,1954.9,14050.11
2023-07-28,4582.23,1981.54,14316.66
2023-07-31,4588.96,2003.18,14346.02
2023-08-01,4576.73,1994.17,14283.91
2023-08-02,4513.39,1966.83,13973.45
2023-08-03,4501.89,1961.4,13959.72
2023-08-04,4478.03,1957.46,13909.24
2023-08-07,4518.44,1958.94,13994.4
2023-08-08,4499.38,1947.42,13884.32
2023-08-09,4467.71,1930.77,13722.02
2023-08-10,4468.83,1922.62,13737.99
2023-08-11,4464.05,1925.11,13644.85
2023-08-14,4489.72,1920.49,13788.33
2023-08-15,4437.86,1895.75,13631.05
2023-08-16,4404.33,1871.52,13474.63
2023-08-17,4370.36,1850.06,13316.93
2023-08-18,4369.71,1859.42,13290.78
2023-08-21,4399.77,1856.01,13497.59
2023-08-22,4387.55,1850.84,13505.87
2023-08-23,4436.01,1870.03,13721.03
2023-08-24,4376.31,1846.28,13463.97
2023-08-25,4405.71,1853.63,13590.65
2023-08-28,4433.31,1869.01,13705.13
2023-08-29,4497.63,1895.54,13943.76
2023-08-30,4514.87,1903.21,14019.31
2023-08-31,4507.66,1899.68,14034.97
2023-09-01,4515.77,1920.83,14031.81
2023-09-05,4496.83,1880.45,14020.95
2023-09-06,4465.48,1874.28,13872.47
2023-09-07,4451.14,1855.76,13748.83
2023-09-08,4457.49,1851.54,13761.53
2023-09-11,4487.46,1855.14,13917.89
2023-09-12,4461.9,1855.32,13773.61
2023-09-13,4467.44,1840.84,13813.59
2023-09-14,4505.1,1866.63,13926.05
2023-09-15,4450.32,1847.03,13708.33
2023-09-18,4453.53,1834.3,13710.24
2023-09-19,4443.95,1826.53,13678.19
2023-09-20,4402.2,1810.1,13469.13
2023-09-21,4330.0,1781.83,13223.98
2023-09-22,4320.06,1776.5,13211.81
2023-09-25,4337.44,1784.24,13271.32
2023-09-26,4273.53,1761.61,13063.61
2023-09-27,4274.51,1778.9,13092.85
2023-09-28,4299.7,1794.31,13201.28
2023-09-29,4288.05,1785.1,13219.32
2023-10-02,4288.39,1756.82,13307.77
2023-10-03,4229.45,1727.15,13059.47
2023-10-04,4263.75,1729.01,13236.01
2023-10-05,4258.19,1731.51,13219.83
2023-10-06,4308.5,1745.56,13431.34
2023-10-09,4335.66,1755.99,13484.24
2023-10-10,4358.24,1775.95,13562.84
2023-10-11,4376.95,1773.3,13659.68
2023-10-12,4349.61,1734.25,13574.22
2023-10-13,4327.78,1719.71,13407.23
2023-10-16,4373.63,1747.06,13567.98
2023-10-17,4373.2,1766.05,13533.75
2023-10-18,4314.6,1728.81,13314.3
2023-10-19,4278.0,1702.7,13186.18
2023-10-20,4224.16,1680.79,12983.81
2023-10-23,4217.04,1665.88,13018.33
2023-10-24,4247.68,1679.5,13139.87
2023-10-25,4186.77,1651.43,12821.22
2023-10-26,4137.23,1657.0,12595.61
2023-10-27,4117.37,1636.94,12643.01
2023-10-30,4166.82,1647.29,12789.48
2023-10-31,4193.8,1662.28,12851.24
2023-11-01,4237.86,1669.7,13061.47
2023-11-02,4317.78,1714.21,13294.19
2023-11-03,4358.34,1760.7,13478.28
2023-11-06,4365.98,1737.94,13518.78
2023-11-07,4378.38,1733.15,13639.86
2023-11-08,4382.78,1714.07,13650.41
2023-11-09,4347.35,1687.24,13521.45
2023-11-10,4415.24,1705.32,13798.11
2023-11-13,4411.55,1705.5,13767.74
2023-11-14,4495.7,1798.32,14094.38
2023-11-15,4502.88,1801.22,14103.84
2023-11-16,4508.24,1773.76,14113.67
2023-11-17,4514.02,1797.77,14125.48
2023-11-20,4547.38,1807.08,14284.53
2023-11-21,4538.19,1783.26,14199.98
2023-11-22,4556.62,1795.54,14265.86
2023-11-24,4559.34,1807.5,14250.85
2023-11-27,4550.43,1801.15,14241.02
2023-11-28,4554.89,1792.81,14281.76
2023-11-29,4550.58,1803.81,14258.49
2023-11-30,4567.8,1809.02,14226.22
2023-12-01,4594.63,1862.64,14305.03
2023-12-04,4569.78,1882.02,14185.49
2023-12-05,4567.18,1856.04,14229.91
2023-12-06,4549.34,1852.05,14146.71
2023-12-07,4585.59,1868.25,14339.99
2023-12-08,4604.37,1880.82,14403.97
2023-12-11,4622.44,1883.68,14432.49
2023-12-12,4643.7,1881.27,14533.4
2023-12-13,4707.09,1947.51,14733.96
2023-12-14,4719.55,2000.51,14761.56
2023-12-15,4719.19,1985.13,14813.92
2023-12-18,4740.56,1982.42,14905.19
2023-12-19,4768.37,2020.95,15003.22
2023-12-20,4698.35,1982.84,14777.94
2023-12-21,4746.75,2017.06,14963.87
2023-12-22,4754.63,2033.96,14992.97
2023-12-26,4774.75,2059.19,15074.57
2023-12-27,4781.58,2066.21,15099.18
2023-12-28,4783.35,2058.34,15095.14
2023-12-29,4769.83,2027.07,15011.35
2024-01-02,4742.83,2012.8,14765.94
2024-01-03,4704.81,1959.2,14592.21
2024-01-04,4688.68,1957.73,14510.3
2024-01-05,4697.24,1951.14,14524.07
2024-01-08,4763.54,1989.01,14843.77
2024-01-09,4756.5,1968.04,14857.71
2024-01-10,4783.45,1970.26,14969.65
2024-01-11,4780.24,1955.46,14970.18
2024-01-12,4783.83,1950.96,14972.76
2024-01-16,4765.98,1927.3,14944.35
2024-01-17,4739.21,1913.17,14855.62
2024-01-18,4780.94,1923.65,15055.65
2024-01-19,4839.81,1944.39,15310.97
2024-01-22,4850.43,1983.38,15360.29
2024-01-23,4864.6,1976.27,15425.94
2024-01-24,4868.55,1961.86,15481.92
2024-01-25,4894.16,1975.88,15510.5
2024-01-26,4890.97,1978.33,15455.36
2024-01-29,4927.93,2011.42,15628.04
2024-01-30,4924.97,1996.24,15509.9
2024-01-31,4845.65,1947.34,15164.01
2024-02-01,4906.19,1974.42,15361.64
2024-02-02,4958.61,1962.73,15628.95
2024-02-05,4942.81,1937.24,15597.68
2024-02-06,4954.23,1953.63,15609.0
2024-02-07,4995.06,1950.36,15756.64
2024-02-08,4997.91,1979.7,15793.71
2024-02-09,5026.61,2009.99,15990.66
2024-02-12,5021.84,2045.26,15942.55
2024-02-13,4953.17,1964.17,15655.6
2024-02-14,5000.62,2012.1,15859.15
2024-02-15,5029.73,2061.48,15906.17
2024-02-16,5005.57,2032.74,15775.65
2024-02-20,4975.51,2004.14,15630.78
2024-02-21,4981.8,1994.74,15580.87
2024-02-22,5087.03,2013.84,16041.62
2024-02-23,5088.8,2016.69,15996.82
2024-02-26,5069.53,2028.97,15976.25
2024-02-27,5078.18,2056.11,16035.3
2024-02-28,5069.76,2040.31,15947.74
2024-02-29,5096.27,2054.84,16091.92
2024-03-01,5137.08,2076.39,16274.94
2024-03-04,5130.95,2074.31,16207.51
2024-03-05,5078.65,2053.71,15939.59
2024-03-06,5104.76,2068.09,16031.54
2024-03-07,5157.36,2084.74,16273.38
2024-03-08,5123.69,2082.71,16085.11
2024-03-11,5117.94,2065.88,16019.27
2024-03-12,5175.27,2065.48,16265.64
2024-03-13,5165.31,2071.71,16177.77
2024-03-14,5150.48,2031.18,16128.53
2024-03-15,5117.09,2039.32,15973.17
2024-03-18,5149.42,2024.74,16103.45
2024-03-19,5178.51,2035.71,16166.79
2024-03-20,5224.62,2074.88,16369.41
2024-03-21,5241.53,2098.56,16401.84
2024-03-22,5234.18,2072.0,16428.82
2024-03-25,5218.19,2074.16,16384.47
2024-03-26,5203.58,2070.16,16315.7
2024-03-27,5248.49,2114.35,16399.52
2024-03-28,5254.35,2124.55,16379.46
2024-04-01,5243.77,2102.84,16396.83
2024-04-02,5205.81,2065.04,16240.45
2024-04-03,5211.49,2076.2,16277.46
2024-04-04,5147.21,2053.83,16049.08
2024-04-05,5204.34,2063.47,16248.52
2024-04-08,5202.39,2073.71,16253.96
2024-04-09,5209.91,2080.8,16306.64
2024-04-10,5160.64,2028.39,16170.36
2024-04-11,5199.06,2042.6,16442.2
2024-04-12,5123.41,2003.17,16175.09
2024-04-15,5061.82,1975.71,15885.02
2024-04-16,5051.41,1967.48,15865.25
2024-04-17,5022.21,1947.95,15683.37
2024-04-18,5011.12,1942.96,15601.5
2024-04-19,4967.23,1947.66,15282.01
2024-04-22,5010.6,1967.47,15451.31
2024-04-23,5070.55,2002.64,15696.64
2024-04-24,5071.63,1995.43,15712.75
2024-04-25,5048.42,1981.12,15611.76
2024-04-26,5099.96,2002.0,15927.9
2024-04-29,5116.17,2016.03,15983.08
2024-04-30,5035.69,1973.91,15657.82
2024-05-01,5018.39,1980.23,15605.48
2024-05-02,5064.2,2016.11,15840.96
2024-05-03,5127.79,2035.72,16156.33
2024-05-06,5180.74,2060.67,16349.25
2024-05-07,5187.7,2064.65,16332.56
2024-05-08,5187.67,2055.13,16302.76
2024-05-09,5214.08,2073.63,16346.26
2024-05-10,5222.68,2059.78,16340.87
2024-05-13,5221.42,2062.12,16388.24
2024-05-14,5246.68,2085.69,16511.18
2024-05-15,5308.15,2109.46,16742.39
2024-05-16,5297.1,2096.25,16698.32
2024-05-17,5303.27,2095.72,16685.97
2024-05-20,5308.13,2102.5,16794.87
2024-05-21,5321.41,2098.36,16832.62
2024-05-22,5307.01,2081.71,16801.54
2024-05-23,5267.84,2048.41,16736.03
2024-05-24,5304.72,2069.67,16920.79
2024-05-28,5306.04,2066.85,17019.88
2024-05-29,5266.95,2036.19,16920.58
2024-05-30,5235.48,2056.6,16737.08
2024-05-31,5277.51,2070.13,16735.02
2024-06-03,5283.4,2059.68,16828.67
2024-06-04,5291.34,2033.94,16857.05
2024-06-05,5354.03,2063.87,17187.9
2024-06-06,5352.96,2049.44,17173.12
2024-06-07,5346.99,2026.55,17133.13
2024-06-10,5360.79,2031.61,17192.53
2024-06-11,5375.32,2024.35,17343.55
2024-06-12,5421.03,2057.1,17608.44
2024-06-13,5433.74,2038.91,17667.56
2024-06-14,5431.6,2006.16,17688.88
2024-06-17,5473.23,2022.01,17857.02
2024-06-18,5487.03,2025.23,17862.23
2024-06-20,5473.17,2017.39,17721.59
2024-06-21,5464.62,2022.03,17689.36
2024-06-24,5447.87,2030.81,17496.82
2024-06-25,5469.3,2022.35,17717.65
2024-06-26,5477.9,2018.12,17805.16
2024-06-27,5482.87,2038.34,17858.68
2024-06-28,5460.48,2047.69,17732.6
2024-07-01,5475.09,2030.07,17879.3
2024-07-02,5509.01,2033.87,18028.76
2024-07-03,5537.02,2036.62,18188.3
2024-07-05,5567.19,2026.73,18352.76
2024-07-08,5572.85,2038.67,18403.74
2024-07-09,5576.98,2029.47,18429.29
2024-07-10,5633.91,2051.75,18647.45
2024-07-11,5584.54,2125.04,18283.41
2024-07-12,5615.35,2148.27,18398.45
2024-07-15,5631.22,2187.02,18472.57
2024-07-16,5667.2,2263.67,18509.34
2024-07-17,5588.27,2239.67,17996.92
2024-07-18,5544.59,2198.29,17871.22
2024-07-19,5505.0,2184.35,17726.94
2024-07-22,5564.41,2220.65,18007.57
2024-07-23,5555.74,2243.27,17997.35
2024-07-24,5427.13,2195.37,17342.41
2024-07-25,5399.22,2222.98,17181.72
2024-07-26,5459.1,2260.07,17357.88
2024-07-29,5463.54,2235.33,17370.2
2024-07-30,5436.44,2243.14,17147.42
2024-07-31,5522.3,2254.48,17599.4
2024-08-01,5446.68,2186.16,17194.15
2024-08-02,5346.56,2109.31,16776.16
2024-08-05,5186.33,2039.16,16200.08
2024-08-06,5240.03,2064.3,16366.85
2024-08-07,5199.5,2035.11,16195.81
2024-08-08,5319.31,2084.42,16660.02
2024-08-09,5344.16,2080.92,16745.3
2024-08-12,5344.39,2062.08,16780.61
2024-08-13,5434.43,2095.19,17187.61
2024-08-14,5455.21,2084.32,17192.6
2024-08-15,5543.22,2135.47,17594.5
2024-08-16,5554.25,2141.92,17631.72
2024-08-19,5608.25,2167.5,17876.77
2024-08-20,5597.12,2142.19,17816.94
2024-08-21,5620.85,2170.56,17918.99
2024-08-22,5570.64,2150.03,17619.35
2024-08-23,5634.61,2218.7,17877.79
2024-08-26,5616.84,2217.92,17725.76
2024-08-27,5625.8,2203.0,17754.82
2024-08-28,5592.18,2188.64,17556.03
2024-08-29,5591.96,2202.98,17516.43
2024-08-30,5648.4,2217.63,17713.62
2024-09-03,5528.93,2149.21,17136.3
2024-09-04,5520.07,2145.22,17084.3
2024-09-05,5503.41,2132.05,17127.66
2024-09-06,5408.42,2091.41,16690.83
2024-09-09,5471.05,2097.78,16884.6
2024-09-10,5495.52,2097.44,17025.88
2024-09-11,5554.13,2103.85,17395.53
2024-09-12,5595.76,2129.43,17569.68
2024-09-13,5626.02,2182.49,17683.98
2024-09-16,5633.09,2189.17,17592.13
2024-09-17,5634.58,2205.48,17628.06
2024-09-18,5618.26,2206.34,17573.3
2024-09-19,5713.64,2252.71,18013.98
2024-09-20,5702.55,2227.89,17948.32
2024-09-23,5718.57,2220.28,17974.27
2024-09-24,5732.93,2223.99,18074.52
2024-09-25,5722.26,2197.45,18082.21
2024-09-26,5745.37,2209.87,18190.29
2024-09-27,5738.17,2224.7,18119.59
2024-09-30,5762.48,2229.97,18189.17
2024-10-01,5708.75,2197.03,17910.36
2024-10-02,5709.54,2195.0,17925.12
2024-10-03,5699.94,2180.15,17918.48
2024-10-04,5751.07,2212.8,18137.85
2024-10-07,5695.94,2193.09,17923.9
2024-10-08,5751.13,2194.98,18182.92
2024-10-09,5792.04,2200.59,18291.62
2024-10-10,5780.05,2188.42,18282.05
2024-10-11,5815.03,2234.41,18342.94
2024-10-14,5859.85,2248.64,18502.69
2024-10-15,5815.26,2249.82,18315.59
2024-10-16,5842.47,2286.68,18367.08
2024-10-17,5841.47,2280.85,18373.61
2024-10-18,5864.67,2276.09,18489.55
2024-10-21,5853.98,2239.71,18540.0
2024-10-22,5851.2,2231.53,18573.13
2024-10-23,5797.42,2213.84,18276.65
2024-10-24,5809.86,2218.92,18415.49
2024-10-25,5808.12,2207.99,18518.61
2024-10-28,5823.52,2244.07,18567.19
2024-10-29,5832.92,2238.09,18712.75
2024-10-30,5813.67,2233.04,18607.93
2024-10-31,5705.45,2196.65,18095.15
2024-11-01,5728.8,2210.13,18239.92
2024-11-04,5712.69,2219.03,18179.98
2024-11-05,5782.76,2260.84,18439.17
2024-11-06,5929.04,2392.92,18983.47
2024-11-07,5973.1,2382.69,19269.46
2024-11-08,5995.54,2399.64,19286.78
2024-11-11,6001.35,2434.98,19298.76
2024-11-12,5983.99,2391.85,19281.4
2024-11-13,5985.38,2369.37,19230.73
2024-11-14,5949.17,2336.94,19107.65
2024-11-15,5870.62,2303.84,18680.12
2024-11-18,5893.62,2306.34,18791.81
2024-11-19,5916.98,2324.83,18987.47
2024-11-20,5917.11,2325.53,18966.14
2024-11-21,5948.71,2364.02,18972.42
2024-11-22,5969.34,2406.67,19003.65
